P2
16 16
255
218 109 154 174 72 94 185 179 128 53 154 122 108 21 145 174 
139 247 193 117 115 103 99 196 78 163 37 74 37 18 165 66 
67 106 203 112 89 170 183 181 144 154 78 109 159 202 54 232 
70 250 142 93 20 181 0 106 31 47 198 215 54 162 96 199 
73 148 58 146 1 224 193 62 232 89 237 50 174 66 1 69 
56 33 18 85 222 201 163 93 229 131 97 68 129 95 242 137 
27 8 126 177 129 43 117 108 20 140 80 1 17 121 239 63 
43 112 251 2 82 61 239 37 185 162 200 52 107 79 14 111 
198 242 49 177 225 83 87 152 0 44 104 210 79 177 57 182 
170 237 162 199 52 12 235 247 229 238 35 193 31 218 236 75 
100 236 54 13 17 61 223 117 143 93 93 143 142 220 246 139 
55 158 183 53 42 60 189 88 235 189 194 222 173 121 137 180 
116 111 143 90 237 115 46 47 119 12 160 205 95 57 87 83 
212 246 226 48 85 84 112 156 227 79 187 43 46 199 149 48 
12 99 54 199 36 245 30 29 131 152 125 61 104 7 94 11 
173 70 187 221 239 51 95 245 196 181 81 25 185 55 133 253 
